100
1000
10000
10001
1001
1002
1003
10050
10051
10100
10105
10110
10120
10130
10140
10150
10160
10170
10180
10190
10200
10210
10220
10230
10240
10250
10260
10270
10280
10290
10300
10310
10330
110
1100
1101
1102
1103
1104
1105
1106
1107
1108
1109
1110
11100
11101
111011928
11103
1111
1112
1113
1114
1115
1116
1117
1118
1119
1120
1121
1122
1123
1124
1125
1126
1127
1128
1129
1130
1131
1132
1133
1134
1135
1136
1137
1138
1139
1140
120
12000
12010
12020
12030
12040
12050
12060
12070
12080
12090
12100
12110
12120
12130
12140
12150
12160
12170
12180
12190
12200
12210
12220
12230
12240
12250
12260
12270
12280
130
13000
13010
13015
13020
13030
13040
13050
13055
13060
13065
13070
13080
13090
13100
13110
13120
13130
13140
13150
13160
13170
13180
13190
13200
13201
13210
13220
13230
13240
13250
13260
13270
13280
13290
13350
13355
13356
13357
13358
140
14000
14010
14020
14030
14040
14050
14060
14070
14080
14090
14100
14110
14120
14130
14140
14150
14160
14170
14180
14190
14200
14210
14500
14510
14520
14530
14540
14550
14560
14570
14580
14590
14600
14610
14620
14630
14640
14650
14660
14670
14680
14690
14700
14710
14720
14730
14740
14750
14760
14770
14780
14790
14800
14810
150
15000
15010
15020
15030
15040
15050
15060
15070
15080
15090
15100
15110
15120
15130
15140
15150
15160
15170
15180
15190
15200
15210
15220
15230
15240
15250
15260
15270
15274
15280
15290
15300
15310
160
16000
160001
16001
16010
16020
16030
16040
16050
160502
16060
16070
16080
16090
16100
16110
16120
16130
16140
16150
16160
16170
16180
16190
16200
16210
16220
16230
16240
16250
16300
16310
16400
16410
16415
16420
16425
16430
16440
16445
16450
16451
170
17000
17010
17020
17030
17040
17050
17060
17070
17080
17090
17100
17110
17120
17130
17140
17150
17160
17170
17500
17510
17520
17530
17540
17550
17560
17570
17580
17590
17600
17610
17620
17630
17640
17650
17660
17670
17680
17690
17700
180
18000
18010
18020
18030
18040
18050
18060
18070
18080
18090
18100
18110
18120
18130
18140
18150
18160
18170
18180
18190
18200
18500
18510
18520
18530
18540
18550
18560
18570
18580
190
19000
19005
19010
19020
19022
19023
19024
19025
19026
19027
19028
19029
19030
19031
19032
19033
19040
19041
19042
19043
19044
19045
19046
19047
19200
19300
19310
19320
19355
19356
19500
19501
2000
20000
2010
20100
20101
20102
20103
20104
20105
2020
2030
2040
2050
2060
2070
2080
2090
2100
21000
21010
21020
21030
21040
2110
2120
2130
21500
21510
21520
22000
22010
22011
22020
22030
22040
22050
22060
22070
22080
22500
22510
22520
22530
22540
22550
22560
22570
22580
23200
23201
23202
23203
23204
23205
23206
23207
23208
23209
23210
23211
23212
23213
23300
23301
23302
23400
23401
23402
23403
23404
23405
23406
23407
23408
23409
23410
23411
23412
23413
23414
23415
23416
23417
23418
23419
23420
23421
23422
23423
23424
23425
23426
23427
23428
23429
23430
23431
23432
23433
23434
23435
23436
23437
23438
23439
23440
23441
23450
23451
23452
23453
23454
23455
23456
23457
23458
23459
23460
23461
23462
23463
23464
23465
23466
23467
23468
23469
23470
23471
23472
23473
23474
23475
23476
23477
23478
23479
23480
23481
23482
23483
23484
23485
23491
23492
23493
23494
23495
23496
23497
23498
23499
23500
23501
23502
23503
23504
23505
23506
23507
23508
23509
23510
23511
23512
23513
23514
23515
23516
23517
23518
23519
23520
23521
23522
23523
23524
23525
23531
23532
23533
23534
23535
23536
23537
23538
23539
23540
23541
23542
23543
23544
23545
23546
23547
23548
23549
23550
23551
23552
23553
23554
23555
23556
23557
23558
23559
23560
23561
23562
23563
23564
23565
23571
23572
23573
23574
23575
23576
23577
23578
23579
23580
23581
23582
23583
23584
23585
23586
23587
23588
23589
23590
23591
23592
23593
23594
23595
23596
23597
23598
23599
23600
23601
23602
23603
23604
23605
23611
23612
23613
23614
23615
23616
23617
23618
23619
23620
23621
23622
23623
23624
23625
23626
23627
23628
23629
23630
23631
23632
23633
23634
23635
23636
23637
23638
23639
23640
23641
23642
23643
23644
23645
2510
2520
2530
2540
2550
2560
2570
3000
30000
30001
30002
30003
30004
30005
3001
3002
3003
3004
3005
3006
3100
3101
3102
31100
31101
31102
31300
31301
31302
31303
31304
31305
31306
31307
31308
31309
31310
31501
31502
31503
31504
31505
31506
31507
31508
3200
3201
3202
3203
3204
32500
32502
32503
32504
32505
32506
32507
32508
32509
32510
32511
3300
33000
33001
33002
33003
33004
33005
3301
3302
3303
3304
3305
3306
3307
33300
33301
33400
33401
33402
33403
33404
33800
33801
33802
3400
3401
3402
3403
3404
34100
34101
34102
34103
34500
34600
34601
34602
34603
34604
34605
34606
34607
34608
34609
34700
34701
3500
35000
3501
3502
3503
35300
35301
35302
35400
35700
3600
3601
3602
3603
3604
3605
3606
3607
36201
36202
36203
36204
36205
36206
36207
36208
36210
36212
36213
36214
36217
36218
36219
36220
36223
36230
36231
36232
36400
36401
36402
36403
36405
36600
36601
36602
36603
36604
36608
36610
36611
36612
36614
36615
36617
36618
36619
36620
36621
36622
36700
36701
36704
36705
36706
36898
36900
36901
36902
36903
36904
36905
36907
36908
36909
36910
36911
36912
36913
36914
36915
36917
36918
36919
36921
36922
36923
36924
36925
36926
36927
36928
36929
36930
36932
36933
36935
36936
36937
36938
36939
36940
36941
3700
3701
3702
3703
37200
37201
37202
37203
37204
37205
37206
37207
37208
37209
37210
37211
37212
37213
37215
37216
37217
37218
37220
37221
37222
37223
37224
37225
3750
3751
3752
3753
3754
3755
3756
37700
37701
37702
37706
37707
37708
3800
3801
3802
3803
38500
3900
3901
3902
3903
4000
4001
4100
4101
4102
4103
4200
4201
4202
4300
4301
4302
4303
4304
4305
43800
43801
43802
43803
4400
44000
4401
4402
4403
4404
4405
4406
4407
4408
4409
4410
44100
44101
44102
44103
44104
44105
44106
44107
44108
44109
4411
44110
44111
44112
44113
44114
44115
44116
44117
44118
44119
4412
44120
44121
4413
4414
4415
4416
4417
4418
4419
4420
4421
4422
4423
4424
4425
4430
44300
44301
44302
44800
44801
44802
44803
45006
45100
46300
46301
46302
46400
46600
46601
46800
46801
48300
5000
5001
5002
60000
60010
60020
60030
60040
60050
60060
60070
60080
60090
60100
60110
60120
60130
60140
60150
70000
70001
70002
70003
70004
80000
80001
90000
90001
90002
90003
90004
90005
90006
90007
90008
90009
90040
90100
90101
90102
90103
90104
90105
90900
90901
90902
90903
90904
90910
90950
